xof 0302txt 0064
template Header {
 <3D82AB43-62DA-11cf-AB39-0020AF71E433>
 WORD major;
 WORD minor;
 DWORD flags;
}

template Vector {
 <3D82AB5E-62DA-11cf-AB39-0020AF71E433>
 FLOAT x;
 FLOAT y;
 FLOAT z;
}

template Coords2d {
 <F6F23F44-7686-11cf-8F52-0040333594A3>
 FLOAT u;
 FLOAT v;
}

template Matrix4x4 {
 <F6F23F45-7686-11cf-8F52-0040333594A3>
 array FLOAT matrix[16];
}

template ColorRGBA {
 <35FF44E0-6C7C-11cf-8F52-0040333594A3>
 FLOAT red;
 FLOAT green;
 FLOAT blue;
 FLOAT alpha;
}

template ColorRGB {
 <D3E16E81-7835-11cf-8F52-0040333594A3>
 FLOAT red;
 FLOAT green;
 FLOAT blue;
}

template IndexedColor {
 <1630B820-7842-11cf-8F52-0040333594A3>
 DWORD index;
 ColorRGBA indexColor;
}

template Boolean {
 <4885AE61-78E8-11cf-8F52-0040333594A3>
 WORD truefalse;
}

template Boolean2d {
 <4885AE63-78E8-11cf-8F52-0040333594A3>
 Boolean u;
 Boolean v;
}

template MaterialWrap {
 <4885AE60-78E8-11cf-8F52-0040333594A3>
 Boolean u;
 Boolean v;
}

template TextureFilename {
 <A42790E1-7810-11cf-8F52-0040333594A3>
 STRING filename;
}

template Material {
 <3D82AB4D-62DA-11cf-AB39-0020AF71E433>
 ColorRGBA faceColor;
 FLOAT power;
 ColorRGB specularColor;
 ColorRGB emissiveColor;
 [...]
}

template MeshFace {
 <3D82AB5F-62DA-11cf-AB39-0020AF71E433>
 DWORD nFaceVertexIndices;
 array DWORD faceVertexIndices[nFaceVertexIndices];
}

template MeshFaceWraps {
 <4885AE62-78E8-11cf-8F52-0040333594A3>
 DWORD nFaceWrapValues;
 Boolean2d faceWrapValues;
}

template MeshTextureCoords {
 <F6F23F40-7686-11cf-8F52-0040333594A3>
 DWORD nTextureCoords;
 array Coords2d textureCoords[nTextureCoords];
}

template MeshMaterialList {
 <F6F23F42-7686-11cf-8F52-0040333594A3>
 DWORD nMaterials;
 DWORD nFaceIndexes;
 array DWORD faceIndexes[nFaceIndexes];
 [Material]
}

template MeshNormals {
 <F6F23F43-7686-11cf-8F52-0040333594A3>
 DWORD nNormals;
 array Vector normals[nNormals];
 DWORD nFaceNormals;
 array MeshFace faceNormals[nFaceNormals];
}

template MeshVertexColors {
 <1630B821-7842-11cf-8F52-0040333594A3>
 DWORD nVertexColors;
 array IndexedColor vertexColors[nVertexColors];
}

template Mesh {
 <3D82AB44-62DA-11cf-AB39-0020AF71E433>
 DWORD nVertices;
 array Vector vertices[nVertices];
 DWORD nFaces;
 array MeshFace faces[nFaces];
 [...]
}

Header{
1;
0;
1;
}

Mesh {
 156;
 -17.50000;21.51440;30.49258;,
 -17.50000;21.51440;-30.49258;,
 -17.50000;47.32119;-30.49258;,
 -17.50000;47.32119;30.49258;,
 -21.87500;45.93143;-33.64750;,
 -21.87500;45.93143;33.64750;,
 -16.46196;18.00758;25.32130;,
 -16.46196;18.00758;-25.32130;,
 -16.46196;9.51884;-25.32130;,
 -16.46196;9.51884;25.32130;,
 -17.50000;21.51440;-30.49258;,
 17.50000;21.51440;-30.49258;,
 17.50000;47.32119;-30.49258;,
 -17.50000;47.32119;-30.49258;,
 21.87500;45.93143;-33.64750;,
 -21.87500;45.93143;-33.64750;,
 -16.46196;18.00758;-25.32130;,
 16.46196;18.00758;-25.32130;,
 16.46196;9.51884;-25.32130;,
 -16.46196;9.51884;-25.32130;,
 17.50000;21.51440;-30.49258;,
 17.50000;21.51440;30.49258;,
 17.50000;47.32119;30.49258;,
 17.50000;47.32119;-30.49258;,
 21.87500;45.93143;33.64750;,
 21.87500;45.93143;-33.64750;,
 16.46196;18.00758;-25.32130;,
 16.46196;18.00758;25.32130;,
 16.46196;9.51884;25.32130;,
 16.46196;9.51884;-25.32130;,
 17.50000;21.51440;30.49258;,
 -17.50000;21.51440;30.49258;,
 -17.50000;47.32119;30.49258;,
 17.50000;47.32119;30.49258;,
 -21.87500;45.93143;33.64750;,
 21.87500;45.93143;33.64750;,
 16.46196;18.00758;25.32130;,
 -16.46196;18.00758;25.32130;,
 -16.46196;9.51884;25.32130;,
 16.46196;9.51884;25.32130;,
 -17.50000;21.51440;-30.49258;,
 -17.50000;21.51440;30.49258;,
 -16.46196;9.51884;25.32130;,
 -16.46196;9.51884;-25.32130;,
 20.55151;17.52804;31.61173;,
 -20.55151;17.52804;31.61173;,
 20.55151;17.52804;31.61173;,
 20.55151;17.52804;-31.61173;,
 -20.55151;17.52804;31.61173;,
 -20.55151;17.52804;-31.61173;,
 20.55151;17.52804;-31.61173;,
 -20.55151;17.52804;-31.61173;,
 -17.61808;8.76821;4.98811;,
 -17.61808;0.10796;9.98811;,
 -22.36807;0.10796;9.98811;,
 -22.36807;8.76821;4.98811;,
 -17.61808;0.10796;19.98809;,
 -22.36807;0.10796;19.98809;,
 -17.61808;8.76821;24.98810;,
 -22.36807;8.76821;24.98810;,
 -17.61808;17.42847;19.98809;,
 -22.36807;17.42847;19.98809;,
 -17.61808;17.42847;9.98811;,
 -22.36807;17.42847;9.98811;,
 -17.61808;8.76821;4.98811;,
 -22.36807;8.76821;4.98811;,
 -17.61808;8.76821;14.98811;,
 -17.61808;8.76821;14.98811;,
 -17.61808;8.76821;14.98811;,
 -17.61808;8.76821;14.98811;,
 -17.61808;8.76821;14.98811;,
 -17.61808;8.76821;14.98811;,
 -22.36807;8.76821;14.98811;,
 -22.36807;8.76821;14.98811;,
 -22.36807;8.76821;14.98811;,
 -22.36807;8.76821;14.98811;,
 -22.36807;8.76821;14.98811;,
 -22.36807;8.76821;14.98811;,
 -17.61808;8.76821;-24.96534;,
 -17.61808;0.10796;-19.96534;,
 -22.36807;0.10796;-19.96534;,
 -22.36807;8.76821;-24.96534;,
 -17.61808;0.10796;-9.96534;,
 -22.36807;0.10796;-9.96534;,
 -17.61808;8.76821;-4.96534;,
 -22.36807;8.76821;-4.96534;,
 -17.61808;17.42847;-9.96534;,
 -22.36807;17.42847;-9.96534;,
 -17.61808;17.42847;-19.96534;,
 -22.36807;17.42847;-19.96534;,
 -17.61808;8.76821;-24.96534;,
 -22.36807;8.76821;-24.96534;,
 -17.61808;8.76821;-14.96534;,
 -17.61808;8.76821;-14.96534;,
 -17.61808;8.76821;-14.96534;,
 -17.61808;8.76821;-14.96534;,
 -17.61808;8.76821;-14.96534;,
 -17.61808;8.76821;-14.96534;,
 -22.36807;8.76821;-14.96534;,
 -22.36807;8.76821;-14.96534;,
 -22.36807;8.76821;-14.96534;,
 -22.36807;8.76821;-14.96534;,
 -22.36807;8.76821;-14.96534;,
 -22.36807;8.76821;-14.96534;,
 22.34456;8.76821;4.98811;,
 22.34456;0.10796;9.98811;,
 17.59456;0.10796;9.98811;,
 17.59456;8.76821;4.98811;,
 22.34456;0.10796;19.98809;,
 17.59456;0.10796;19.98809;,
 22.34456;8.76821;24.98810;,
 17.59456;8.76821;24.98810;,
 22.34456;17.42847;19.98809;,
 17.59456;17.42847;19.98809;,
 22.34456;17.42847;9.98811;,
 17.59456;17.42847;9.98811;,
 22.34456;8.76821;4.98811;,
 17.59456;8.76821;4.98811;,
 22.34456;8.76821;14.98811;,
 22.34456;8.76821;14.98811;,
 22.34456;8.76821;14.98811;,
 22.34456;8.76821;14.98811;,
 22.34456;8.76821;14.98811;,
 22.34456;8.76821;14.98811;,
 17.59456;8.76821;14.98811;,
 17.59456;8.76821;14.98811;,
 17.59456;8.76821;14.98811;,
 17.59456;8.76821;14.98811;,
 17.59456;8.76821;14.98811;,
 17.59456;8.76821;14.98811;,
 22.34456;8.76821;-24.96534;,
 22.34456;0.10796;-19.96534;,
 17.59456;0.10796;-19.96534;,
 17.59456;8.76821;-24.96534;,
 22.34456;0.10796;-9.96534;,
 17.59456;0.10796;-9.96534;,
 22.34456;8.76821;-4.96534;,
 17.59456;8.76821;-4.96534;,
 22.34456;17.42847;-9.96534;,
 17.59456;17.42847;-9.96534;,
 22.34456;17.42847;-19.96534;,
 17.59456;17.42847;-19.96534;,
 22.34456;8.76821;-24.96534;,
 17.59456;8.76821;-24.96534;,
 22.34456;8.76821;-14.96534;,
 22.34456;8.76821;-14.96534;,
 22.34456;8.76821;-14.96534;,
 22.34456;8.76821;-14.96534;,
 22.34456;8.76821;-14.96534;,
 22.34456;8.76821;-14.96534;,
 17.59456;8.76821;-14.96534;,
 17.59456;8.76821;-14.96534;,
 17.59456;8.76821;-14.96534;,
 17.59456;8.76821;-14.96534;,
 17.59456;8.76821;-14.96534;,
 17.59456;8.76821;-14.96534;;
 
 148;
 4;0,1,2,3;,
 4;3,2,4,5;,
 4;6,7,8,9;,
 4;10,11,12,13;,
 4;13,12,14,15;,
 4;16,17,18,19;,
 4;20,21,22,23;,
 4;23,22,24,25;,
 4;26,27,28,29;,
 4;30,31,32,33;,
 4;33,32,34,35;,
 4;36,37,38,39;,
 4;30,11,40,41;,
 4;42,43,18,39;,
 4;44,35,34,45;,
 4;44,45,37,36;,
 4;46,27,26,47;,
 4;46,47,25,24;,
 4;48,5,4,49;,
 4;48,49,7,6;,
 4;50,17,16,51;,
 4;50,51,15,14;,
 4;52,53,54,55;,
 4;53,56,57,54;,
 4;56,58,59,57;,
 4;58,60,61,59;,
 4;60,62,63,61;,
 4;62,64,65,63;,
 3;66,53,52;,
 3;67,56,53;,
 3;68,58,56;,
 3;69,60,58;,
 3;70,62,60;,
 3;71,64,62;,
 3;72,55,54;,
 3;73,54,57;,
 3;74,57,59;,
 3;75,59,61;,
 3;76,61,63;,
 3;77,63,65;,
 4;78,79,80,81;,
 4;79,82,83,80;,
 4;82,84,85,83;,
 4;84,86,87,85;,
 4;86,88,89,87;,
 4;88,90,91,89;,
 3;92,79,78;,
 3;93,82,79;,
 3;94,84,82;,
 3;95,86,84;,
 3;96,88,86;,
 3;97,90,88;,
 3;98,81,80;,
 3;99,80,83;,
 3;100,83,85;,
 3;101,85,87;,
 3;102,87,89;,
 3;103,89,91;,
 4;81,80,79,78;,
 4;80,83,82,79;,
 4;83,85,84,82;,
 4;85,87,86,84;,
 4;87,89,88,86;,
 4;89,91,90,88;,
 3;78,79,92;,
 3;79,82,93;,
 3;82,84,94;,
 3;84,86,95;,
 3;86,88,96;,
 3;88,90,97;,
 3;80,81,98;,
 3;83,80,99;,
 3;85,83,100;,
 3;87,85,101;,
 3;89,87,102;,
 3;91,89,103;,
 4;104,105,106,107;,
 4;105,108,109,106;,
 4;108,110,111,109;,
 4;110,112,113,111;,
 4;112,114,115,113;,
 4;114,116,117,115;,
 3;118,105,104;,
 3;119,108,105;,
 3;120,110,108;,
 3;121,112,110;,
 3;122,114,112;,
 3;123,116,114;,
 3;124,107,106;,
 3;125,106,109;,
 3;126,109,111;,
 3;127,111,113;,
 3;128,113,115;,
 3;129,115,117;,
 4;130,131,132,133;,
 4;131,134,135,132;,
 4;134,136,137,135;,
 4;136,138,139,137;,
 4;138,140,141,139;,
 4;140,142,143,141;,
 3;144,131,130;,
 3;145,134,131;,
 3;146,136,134;,
 3;147,138,136;,
 3;148,140,138;,
 3;149,142,140;,
 3;150,133,132;,
 3;151,132,135;,
 3;152,135,137;,
 3;153,137,139;,
 3;154,139,141;,
 3;155,141,143;,
 4;107,106,105,104;,
 4;106,109,108,105;,
 4;109,111,110,108;,
 4;111,113,112,110;,
 4;113,115,114,112;,
 4;115,117,116,114;,
 3;104,105,118;,
 3;105,108,119;,
 3;108,110,120;,
 3;110,112,121;,
 3;112,114,122;,
 3;114,116,123;,
 3;106,107,124;,
 3;109,106,125;,
 3;111,109,126;,
 3;113,111,127;,
 3;115,113,128;,
 3;117,115,129;,
 4;133,132,131,130;,
 4;132,135,134,131;,
 4;135,137,136,134;,
 4;137,139,138,136;,
 4;139,141,140,138;,
 4;141,143,142,140;,
 3;130,131,144;,
 3;131,134,145;,
 3;134,136,146;,
 3;136,138,147;,
 3;138,140,148;,
 3;140,142,149;,
 3;132,133,150;,
 3;135,132,151;,
 3;137,135,152;,
 3;139,137,153;,
 3;141,139,154;,
 3;143,141,155;;
 
 MeshMaterialList {
  3;
  148;
  0,
  0,
  1,
  0,
  0,
  1,
  0,
  0,
  1,
  0,
  0,
  1,
  0,
  1,
  0,
  0,
  0,
  0,
  0,
  0,
  0,
  0,
  1,
  1,
  1,
  1,
  1,
  1,
  1,
  1,
  1,
  1,
  1,
  1,
  1,
  1,
  1,
  1,
  1,
  1,
  1,
  1,
  1,
  1,
  1,
  1,
  1,
  1,
  1,
  1,
  1,
  1,
  1,
  1,
  1,
  1,
  1,
  1,
  2,
  2,
  2,
  2,
  2,
  2,
  2,
  2,
  2,
  2,
  2,
  2,
  2,
  2,
  2,
  2,
  2,
  2,
  1,
  1,
  1,
  1,
  1,
  1,
  1,
  1,
  1,
  1,
  1,
  1,
  1,
  1,
  1,
  1,
  1,
  1,
  1,
  1,
  1,
  1,
  1,
  1,
  1,
  1,
  1,
  1,
  1,
  1,
  1,
  1,
  1,
  1,
  1,
  1,
  2,
  2,
  2,
  2,
  2,
  2,
  2,
  2,
  2,
  2,
  2,
  2,
  2,
  2,
  2,
  2,
  2,
  2,
  2,
  2,
  2,
  2,
  2,
  2,
  2,
  2,
  2,
  2,
  2,
  2,
  2,
  2,
  2,
  2,
  2,
  2;;
  Material {
   0.614902;0.313726;0.021961;1.000000;;
   5.000000;
   0.000000;0.000000;0.000000;;
   0.000000;0.000000;0.000000;;
  }
  Material {
   0.150588;0.150588;0.150588;1.000000;;
   5.000000;
   0.000000;0.000000;0.000000;;
   0.000000;0.000000;0.000000;;
  }
  Material {
   1.000000;1.000000;1.000000;1.000000;;
   0.000000;
   0.000000;0.000000;0.000000;;
   0.000000;0.000000;0.000000;;
  }
 }
 MeshNormals {
  40;
  1.000000;0.000000;-0.000000;,
  -0.156457;0.965464;0.208328;,
  -1.000000;0.000000;0.000000;,
  -0.156457;0.965464;-0.208328;,
  0.000000;0.000000;1.000000;,
  0.156457;0.965464;-0.208328;,
  0.000000;0.000000;-1.000000;,
  -1.000000;0.000000;0.000000;,
  0.156457;0.965464;0.208328;,
  1.000000;0.000000;0.000000;,
  0.000000;-0.071490;0.997441;,
  -0.058373;-0.997568;0.038099;,
  -0.998916;-0.046546;0.000000;,
  0.000000;1.000000;0.000000;,
  0.000000;-1.000000;-0.000000;,
  -0.058373;-0.997568;-0.038099;,
  0.058373;-0.997568;-0.038099;,
  0.998916;-0.046546;-0.000000;,
  0.058373;-0.997568;0.038099;,
  0.000000;-0.071490;-0.997441;,
  1.000000;0.000000;0.000000;,
  0.000000;-0.500000;-0.866025;,
  0.000000;-1.000000;-0.000000;,
  0.000000;-0.500001;0.866025;,
  0.000000;0.500000;0.866025;,
  0.000000;1.000000;0.000000;,
  -1.000000;0.000000;0.000000;,
  0.000000;-0.500000;0.866025;,
  0.000000;0.500000;0.866026;,
  0.000000;0.500000;0.866026;,
  0.000000;0.500000;-0.866026;,
  0.000000;0.500000;0.866025;,
  0.000000;0.500000;-0.866025;,
  0.000000;-0.500000;-0.866026;,
  0.000000;-0.500000;0.866026;,
  0.000000;0.500000;-0.866026;,
  0.000000;0.500001;-0.866025;,
  0.000000;-0.500000;-0.866025;,
  0.000000;-0.500000;0.866026;,
  0.000000;-0.500000;-0.866026;;
  148;
  4;0,0,0,0;,
  4;1,3,3,1;,
  4;2,2,2,2;,
  4;4,4,4,4;,
  4;3,5,5,3;,
  4;6,6,6,6;,
  4;7,7,7,7;,
  4;5,8,8,5;,
  4;9,9,9,9;,
  4;6,6,6,6;,
  4;8,1,1,8;,
  4;4,4,4,4;,
  4;13,13,13,13;,
  4;14,14,14,14;,
  4;10,10,10,10;,
  4;15,16,16,15;,
  4;15,15,11,11;,
  4;17,17,17,17;,
  4;12,12,12,12;,
  4;16,18,18,16;,
  4;11,11,18,18;,
  4;19,19,19,19;,
  4;21,21,21,21;,
  4;22,22,22,22;,
  4;23,23,23,23;,
  4;24,24,24,24;,
  4;25,25,25,25;,
  4;30,30,30,30;,
  3;20,20,20;,
  3;20,20,20;,
  3;20,20,20;,
  3;20,20,20;,
  3;20,20,20;,
  3;20,20,20;,
  3;26,26,26;,
  3;26,26,26;,
  3;26,26,26;,
  3;26,26,26;,
  3;26,26,26;,
  3;26,26,26;,
  4;21,21,21,21;,
  4;22,22,22,22;,
  4;27,27,27,27;,
  4;28,28,28,28;,
  4;25,25,25,25;,
  4;30,30,30,30;,
  3;20,20,20;,
  3;20,20,20;,
  3;20,20,20;,
  3;20,20,20;,
  3;20,20,20;,
  3;20,20,20;,
  3;26,26,26;,
  3;26,26,26;,
  3;26,26,26;,
  3;26,26,26;,
  3;26,26,26;,
  3;26,26,26;,
  4;31,31,31,31;,
  4;25,25,25,25;,
  4;32,32,32,32;,
  4;33,33,33,33;,
  4;22,22,22,22;,
  4;34,34,34,34;,
  3;26,26,26;,
  3;26,26,26;,
  3;26,26,26;,
  3;26,26,26;,
  3;26,26,26;,
  3;26,26,26;,
  3;20,20,20;,
  3;20,20,20;,
  3;20,20,20;,
  3;20,20,20;,
  3;20,20,20;,
  3;20,20,20;,
  4;21,21,21,21;,
  4;22,22,22,22;,
  4;23,23,23,23;,
  4;24,24,24,24;,
  4;25,25,25,25;,
  4;35,35,35,35;,
  3;20,20,20;,
  3;20,20,20;,
  3;20,20,20;,
  3;20,20,20;,
  3;20,20,20;,
  3;20,20,20;,
  3;26,26,26;,
  3;26,26,26;,
  3;26,26,26;,
  3;26,26,26;,
  3;26,26,26;,
  3;26,26,26;,
  4;21,21,21,21;,
  4;22,22,22,22;,
  4;27,27,27,27;,
  4;29,29,29,29;,
  4;25,25,25,25;,
  4;35,35,35,35;,
  3;20,20,20;,
  3;20,20,20;,
  3;20,20,20;,
  3;20,20,20;,
  3;20,20,20;,
  3;20,20,20;,
  3;26,26,26;,
  3;26,26,26;,
  3;26,26,26;,
  3;26,26,26;,
  3;26,26,26;,
  3;26,26,26;,
  4;31,31,31,31;,
  4;25,25,25,25;,
  4;36,36,36,36;,
  4;37,37,37,37;,
  4;22,22,22,22;,
  4;38,38,38,38;,
  3;26,26,26;,
  3;26,26,26;,
  3;26,26,26;,
  3;26,26,26;,
  3;26,26,26;,
  3;26,26,26;,
  3;20,20,20;,
  3;20,20,20;,
  3;20,20,20;,
  3;20,20,20;,
  3;20,20,20;,
  3;20,20,20;,
  4;31,31,31,31;,
  4;25,25,25,25;,
  4;32,32,32,32;,
  4;39,39,39,39;,
  4;22,22,22,22;,
  4;38,38,38,38;,
  3;26,26,26;,
  3;26,26,26;,
  3;26,26,26;,
  3;26,26,26;,
  3;26,26,26;,
  3;26,26,26;,
  3;20,20,20;,
  3;20,20,20;,
  3;20,20,20;,
  3;20,20,20;,
  3;20,20,20;,
  3;20,20,20;;
 }
 MeshTextureCoords {
  156;
  0.000000;0.000000;,
  1.000000;0.000000;,
  1.000000;0.250000;,
  0.000000;0.250000;,
  1.000000;0.500000;,
  0.000000;0.500000;,
  0.000000;0.750000;,
  1.000000;0.750000;,
  1.000000;1.000000;,
  0.000000;1.000000;,
  0.000000;0.000000;,
  1.000000;0.000000;,
  1.000000;0.250000;,
  0.000000;0.250000;,
  1.000000;0.500000;,
  0.000000;0.500000;,
  0.000000;0.750000;,
  1.000000;0.750000;,
  1.000000;1.000000;,
  0.000000;1.000000;,
  0.000000;0.000000;,
  1.000000;0.000000;,
  1.000000;0.250000;,
  0.000000;0.250000;,
  1.000000;0.500000;,
  0.000000;0.500000;,
  0.000000;0.750000;,
  1.000000;0.750000;,
  1.000000;1.000000;,
  0.000000;1.000000;,
  0.000000;0.000000;,
  1.000000;0.000000;,
  1.000000;0.250000;,
  0.000000;0.250000;,
  1.000000;0.500000;,
  0.000000;0.500000;,
  0.000000;0.750000;,
  1.000000;0.750000;,
  1.000000;1.000000;,
  0.000000;1.000000;,
  1.000000;1.000000;,
  0.000000;1.000000;,
  0.000000;0.000000;,
  1.000000;0.000000;,
  0.000000;0.663994;,
  1.000000;0.663994;,
  1.000000;0.663994;,
  0.000000;0.663994;,
  0.000000;0.663994;,
  1.000000;0.663994;,
  1.000000;0.663994;,
  0.000000;0.663994;,
  0.000000;0.000000;,
  0.166670;0.000000;,
  0.166670;1.000000;,
  0.000000;1.000000;,
  0.333330;0.000000;,
  0.333330;1.000000;,
  0.500000;0.000000;,
  0.500000;1.000000;,
  0.666670;0.000000;,
  0.666670;1.000000;,
  0.833330;0.000000;,
  0.833330;1.000000;,
  1.000000;0.000000;,
  1.000000;1.000000;,
  0.083330;0.000000;,
  0.250000;0.000000;,
  0.416670;0.000000;,
  0.583330;0.000000;,
  0.750000;0.000000;,
  0.916670;0.000000;,
  0.083330;1.000000;,
  0.250000;1.000000;,
  0.416670;1.000000;,
  0.583330;1.000000;,
  0.750000;1.000000;,
  0.916670;1.000000;,
  0.000000;0.000000;,
  0.166670;0.000000;,
  0.166670;1.000000;,
  0.000000;1.000000;,
  0.333330;0.000000;,
  0.333330;1.000000;,
  0.500000;0.000000;,
  0.500000;1.000000;,
  0.666670;0.000000;,
  0.666670;1.000000;,
  0.833330;0.000000;,
  0.833330;1.000000;,
  1.000000;0.000000;,
  1.000000;1.000000;,
  0.083330;0.000000;,
  0.250000;0.000000;,
  0.416670;0.000000;,
  0.583330;0.000000;,
  0.750000;0.000000;,
  0.916670;0.000000;,
  0.083330;1.000000;,
  0.250000;1.000000;,
  0.416670;1.000000;,
  0.583330;1.000000;,
  0.750000;1.000000;,
  0.916670;1.000000;,
  0.000000;0.000000;,
  0.166670;0.000000;,
  0.166670;1.000000;,
  0.000000;1.000000;,
  0.333330;0.000000;,
  0.333330;1.000000;,
  0.500000;0.000000;,
  0.500000;1.000000;,
  0.666670;0.000000;,
  0.666670;1.000000;,
  0.833330;0.000000;,
  0.833330;1.000000;,
  1.000000;0.000000;,
  1.000000;1.000000;,
  0.083330;0.000000;,
  0.250000;0.000000;,
  0.416670;0.000000;,
  0.583330;0.000000;,
  0.750000;0.000000;,
  0.916670;0.000000;,
  0.083330;1.000000;,
  0.250000;1.000000;,
  0.416670;1.000000;,
  0.583330;1.000000;,
  0.750000;1.000000;,
  0.916670;1.000000;,
  0.000000;0.000000;,
  0.166670;0.000000;,
  0.166670;1.000000;,
  0.000000;1.000000;,
  0.333330;0.000000;,
  0.333330;1.000000;,
  0.500000;0.000000;,
  0.500000;1.000000;,
  0.666670;0.000000;,
  0.666670;1.000000;,
  0.833330;0.000000;,
  0.833330;1.000000;,
  1.000000;0.000000;,
  1.000000;1.000000;,
  0.083330;0.000000;,
  0.250000;0.000000;,
  0.416670;0.000000;,
  0.583330;0.000000;,
  0.750000;0.000000;,
  0.916670;0.000000;,
  0.083330;1.000000;,
  0.250000;1.000000;,
  0.416670;1.000000;,
  0.583330;1.000000;,
  0.750000;1.000000;,
  0.916670;1.000000;;
 }
}
