xof 0302txt 0064
template Header {
 <3D82AB43-62DA-11cf-AB39-0020AF71E433>
 WORD major;
 WORD minor;
 DWORD flags;
}

template Vector {
 <3D82AB5E-62DA-11cf-AB39-0020AF71E433>
 FLOAT x;
 FLOAT y;
 FLOAT z;
}

template Coords2d {
 <F6F23F44-7686-11cf-8F52-0040333594A3>
 FLOAT u;
 FLOAT v;
}

template Matrix4x4 {
 <F6F23F45-7686-11cf-8F52-0040333594A3>
 array FLOAT matrix[16];
}

template ColorRGBA {
 <35FF44E0-6C7C-11cf-8F52-0040333594A3>
 FLOAT red;
 FLOAT green;
 FLOAT blue;
 FLOAT alpha;
}

template ColorRGB {
 <D3E16E81-7835-11cf-8F52-0040333594A3>
 FLOAT red;
 FLOAT green;
 FLOAT blue;
}

template IndexedColor {
 <1630B820-7842-11cf-8F52-0040333594A3>
 DWORD index;
 ColorRGBA indexColor;
}

template Boolean {
 <4885AE61-78E8-11cf-8F52-0040333594A3>
 WORD truefalse;
}

template Boolean2d {
 <4885AE63-78E8-11cf-8F52-0040333594A3>
 Boolean u;
 Boolean v;
}

template MaterialWrap {
 <4885AE60-78E8-11cf-8F52-0040333594A3>
 Boolean u;
 Boolean v;
}

template TextureFilename {
 <A42790E1-7810-11cf-8F52-0040333594A3>
 STRING filename;
}

template Material {
 <3D82AB4D-62DA-11cf-AB39-0020AF71E433>
 ColorRGBA faceColor;
 FLOAT power;
 ColorRGB specularColor;
 ColorRGB emissiveColor;
 [...]
}

template MeshFace {
 <3D82AB5F-62DA-11cf-AB39-0020AF71E433>
 DWORD nFaceVertexIndices;
 array DWORD faceVertexIndices[nFaceVertexIndices];
}

template MeshFaceWraps {
 <4885AE62-78E8-11cf-8F52-0040333594A3>
 DWORD nFaceWrapValues;
 Boolean2d faceWrapValues;
}

template MeshTextureCoords {
 <F6F23F40-7686-11cf-8F52-0040333594A3>
 DWORD nTextureCoords;
 array Coords2d textureCoords[nTextureCoords];
}

template MeshMaterialList {
 <F6F23F42-7686-11cf-8F52-0040333594A3>
 DWORD nMaterials;
 DWORD nFaceIndexes;
 array DWORD faceIndexes[nFaceIndexes];
 [Material]
}

template MeshNormals {
 <F6F23F43-7686-11cf-8F52-0040333594A3>
 DWORD nNormals;
 array Vector normals[nNormals];
 DWORD nFaceNormals;
 array MeshFace faceNormals[nFaceNormals];
}

template MeshVertexColors {
 <1630B821-7842-11cf-8F52-0040333594A3>
 DWORD nVertexColors;
 array IndexedColor vertexColors[nVertexColors];
}

template Mesh {
 <3D82AB44-62DA-11cf-AB39-0020AF71E433>
 DWORD nVertices;
 array Vector vertices[nVertices];
 DWORD nFaces;
 array MeshFace faces[nFaces];
 [...]
}

Header{
1;
0;
1;
}

Mesh {
 290;
 -17.57000;18.33967;-40.13541;,
 17.57000;18.33967;-40.13541;,
 17.57000;8.43437;-40.13541;,
 -17.57000;8.43437;-40.13541;,
 17.57000;18.33967;-40.13541;,
 17.57000;18.33967;40.13541;,
 17.57000;8.43437;40.13541;,
 17.57000;8.43437;-40.13541;,
 17.57000;18.33967;40.13541;,
 -17.57000;18.33967;40.13541;,
 -17.57000;8.43437;40.13541;,
 17.57000;8.43437;40.13541;,
 -17.57000;18.33967;40.13541;,
 -17.57000;18.33967;-40.13541;,
 -17.57000;8.43437;-40.13541;,
 -17.57000;8.43437;40.13541;,
 17.57000;18.33967;-40.13541;,
 -17.57000;18.33967;-40.13541;,
 -17.57000;8.43437;-40.13541;,
 17.57000;8.43437;-40.13541;,
 -22.66500;53.39611;-5.16210;,
 22.66500;53.39611;-5.16210;,
 22.66500;18.24611;-5.16210;,
 -22.66500;18.24611;-5.16210;,
 22.66500;53.39611;-5.16210;,
 22.66500;53.39611;44.79000;,
 22.66500;18.24611;44.79000;,
 22.66500;18.24611;-5.16210;,
 22.66500;53.39611;44.79000;,
 -22.66500;53.39611;44.79000;,
 -22.66500;18.24611;44.79000;,
 22.66500;18.24611;44.79000;,
 -22.66500;53.39611;44.79000;,
 -22.66500;53.39611;-5.16210;,
 -22.66500;18.24611;-5.16210;,
 -22.66500;18.24611;44.79000;,
 22.66500;53.39611;-5.16210;,
 -22.66500;53.39611;-5.16210;,
 -22.66500;18.24611;-5.16210;,
 22.66500;18.24611;-5.16210;,
 -7.20990;18.59158;-5.27855;,
 -17.40624;28.78789;-5.27855;,
 -17.40624;28.78789;-38.76823;,
 -7.20990;18.59158;-38.76823;,
 -17.40624;43.20771;-5.27855;,
 -17.40624;43.20771;-38.76823;,
 -7.20990;53.40401;-5.27855;,
 -7.20990;53.40401;-38.76823;,
 7.20990;53.40401;-5.27855;,
 7.20990;53.40401;-38.76823;,
 17.40623;43.20770;-5.27855;,
 17.40623;43.20770;-38.76823;,
 17.40623;28.78789;-5.27855;,
 17.40623;28.78789;-38.76823;,
 7.20990;18.59158;-5.27855;,
 7.20990;18.59158;-38.76823;,
 -7.20990;18.59158;-5.27855;,
 -7.20990;18.59158;-38.76823;,
 0.00000;35.99779;-5.27855;,
 0.00000;35.99779;-5.27855;,
 0.00000;35.99779;-5.27855;,
 0.00000;35.99779;-5.27855;,
 0.00000;35.99779;-5.27855;,
 0.00000;35.99779;-5.27855;,
 0.00000;35.99779;-5.27855;,
 0.00000;35.99779;-5.27855;,
 0.00000;35.99779;-38.76823;,
 0.00000;35.99779;-38.76823;,
 0.00000;35.99779;-38.76823;,
 0.00000;35.99779;-38.76823;,
 0.00000;35.99779;-38.76823;,
 0.00000;35.99779;-38.76823;,
 0.00000;35.99779;-38.76823;,
 0.00000;35.99779;-38.76823;,
 -5.00000;73.51650;-30.00413;,
 5.00000;73.51650;-30.00413;,
 5.00000;53.51650;-30.00413;,
 -5.00000;53.51650;-30.00413;,
 5.00000;73.51650;-30.00413;,
 5.00000;73.51650;-20.00413;,
 5.00000;53.51650;-20.00413;,
 5.00000;53.51650;-30.00413;,
 5.00000;73.51650;-20.00413;,
 -5.00000;73.51650;-20.00413;,
 -5.00000;53.51650;-20.00413;,
 5.00000;53.51650;-20.00413;,
 -5.00000;73.51650;-20.00413;,
 -5.00000;73.51650;-30.00413;,
 -5.00000;53.51650;-30.00413;,
 -5.00000;53.51650;-20.00413;,
 5.00000;73.51650;-30.00413;,
 -5.00000;73.51650;-30.00413;,
 -5.00000;53.51650;-30.00413;,
 5.00000;53.51650;-30.00413;,
 0.00000;79.88569;-31.04679;,
 5.23309;79.88569;-28.02545;,
 8.66025;82.69514;-30.00413;,
 0.00000;82.69514;-35.00413;,
 5.23309;79.88569;-21.98280;,
 8.66025;82.69514;-20.00413;,
 0.00000;79.88569;-18.96148;,
 0.00000;82.69514;-15.00413;,
 -5.23309;79.88569;-21.98280;,
 -8.66025;82.69514;-20.00413;,
 -5.23309;79.88569;-28.02545;,
 -8.66025;82.69514;-30.00413;,
 0.00000;79.88569;-31.04679;,
 0.00000;82.69514;-35.00413;,
 11.33699;77.69659;-31.54955;,
 0.00000;77.69659;-38.09496;,
 11.33699;77.69659;-18.45872;,
 0.00000;77.69659;-11.91330;,
 -11.33699;77.69659;-18.45872;,
 -11.33699;77.69659;-31.54955;,
 0.00000;77.69659;-38.09496;,
 8.66025;73.53529;-30.00413;,
 0.00000;73.53529;-35.00413;,
 8.66025;73.53529;-20.00413;,
 0.00000;73.53529;-15.00413;,
 -8.66025;73.53529;-20.00413;,
 -8.66025;73.53529;-30.00413;,
 0.00000;73.53529;-35.00413;,
 0.00000;79.88569;-25.00413;,
 0.00000;79.88569;-25.00413;,
 0.00000;79.88569;-25.00413;,
 0.00000;79.88569;-25.00413;,
 0.00000;79.88569;-25.00413;,
 0.00000;79.88569;-25.00413;,
 0.00000;73.53530;-25.00413;,
 0.00000;73.53530;-25.00413;,
 0.00000;73.53530;-25.00413;,
 0.00000;73.53530;-25.00413;,
 0.00000;73.53530;-25.00413;,
 0.00000;73.53530;-25.00413;,
 -17.61808;8.76821;-10.01189;,
 -17.61808;0.10796;-5.01189;,
 -22.36807;0.10796;-5.01189;,
 -22.36807;8.76821;-10.01189;,
 -17.61808;0.10796;4.98809;,
 -22.36807;0.10796;4.98809;,
 -17.61808;8.76821;9.98810;,
 -22.36807;8.76821;9.98810;,
 -17.61808;17.42847;4.98809;,
 -22.36807;17.42847;4.98809;,
 -17.61808;17.42847;-5.01189;,
 -22.36807;17.42847;-5.01189;,
 -17.61808;8.76821;-10.01189;,
 -22.36807;8.76821;-10.01189;,
 -17.61808;8.76821;-0.01189;,
 -17.61808;8.76821;-0.01189;,
 -17.61808;8.76821;-0.01189;,
 -17.61808;8.76821;-0.01189;,
 -17.61808;8.76821;-0.01189;,
 -17.61808;8.76821;-0.01189;,
 -22.36807;8.76821;-0.01189;,
 -22.36807;8.76821;-0.01189;,
 -22.36807;8.76821;-0.01189;,
 -22.36807;8.76821;-0.01189;,
 -22.36807;8.76821;-0.01189;,
 -22.36807;8.76821;-0.01189;,
 -17.61808;8.76821;-39.96534;,
 -17.61808;0.10796;-34.96534;,
 -22.36807;0.10796;-34.96534;,
 -22.36807;8.76821;-39.96534;,
 -17.61808;0.10796;-24.96534;,
 -22.36807;0.10796;-24.96534;,
 -17.61808;8.76821;-19.96534;,
 -22.36807;8.76821;-19.96534;,
 -17.61808;17.42847;-24.96534;,
 -22.36807;17.42847;-24.96534;,
 -17.61808;17.42847;-34.96534;,
 -22.36807;17.42847;-34.96534;,
 -17.61808;8.76821;-39.96534;,
 -22.36807;8.76821;-39.96534;,
 -17.61808;8.76821;-29.96534;,
 -17.61808;8.76821;-29.96534;,
 -17.61808;8.76821;-29.96534;,
 -17.61808;8.76821;-29.96534;,
 -17.61808;8.76821;-29.96534;,
 -17.61808;8.76821;-29.96534;,
 -22.36807;8.76821;-29.96534;,
 -22.36807;8.76821;-29.96534;,
 -22.36807;8.76821;-29.96534;,
 -22.36807;8.76821;-29.96534;,
 -22.36807;8.76821;-29.96534;,
 -22.36807;8.76821;-29.96534;,
 -17.61808;8.76821;19.98799;,
 -17.61808;0.10796;24.98798;,
 -22.36807;0.10796;24.98798;,
 -22.36807;8.76821;19.98799;,
 -17.61808;0.10796;34.98795;,
 -22.36807;0.10796;34.98795;,
 -17.61808;8.76821;39.98796;,
 -22.36807;8.76821;39.98796;,
 -17.61808;17.42847;34.98795;,
 -22.36807;17.42847;34.98795;,
 -17.61808;17.42847;24.98798;,
 -22.36807;17.42847;24.98798;,
 -17.61808;8.76821;19.98799;,
 -22.36807;8.76821;19.98799;,
 -17.61808;8.76821;29.98796;,
 -17.61808;8.76821;29.98796;,
 -17.61808;8.76821;29.98796;,
 -17.61808;8.76821;29.98796;,
 -17.61808;8.76821;29.98796;,
 -17.61808;8.76821;29.98796;,
 -22.36807;8.76821;29.98796;,
 -22.36807;8.76821;29.98796;,
 -22.36807;8.76821;29.98796;,
 -22.36807;8.76821;29.98796;,
 -22.36807;8.76821;29.98796;,
 -22.36807;8.76821;29.98796;,
 22.34456;8.76821;-10.01189;,
 22.34456;0.10796;-5.01189;,
 17.59456;0.10796;-5.01189;,
 17.59456;8.76821;-10.01189;,
 22.34456;0.10796;4.98809;,
 17.59456;0.10796;4.98809;,
 22.34456;8.76821;9.98810;,
 17.59456;8.76821;9.98810;,
 22.34456;17.42847;4.98809;,
 17.59456;17.42847;4.98809;,
 22.34456;17.42847;-5.01189;,
 17.59456;17.42847;-5.01189;,
 22.34456;8.76821;-10.01189;,
 17.59456;8.76821;-10.01189;,
 22.34456;8.76821;-0.01189;,
 22.34456;8.76821;-0.01189;,
 22.34456;8.76821;-0.01189;,
 22.34456;8.76821;-0.01189;,
 22.34456;8.76821;-0.01189;,
 22.34456;8.76821;-0.01189;,
 17.59456;8.76821;-0.01189;,
 17.59456;8.76821;-0.01189;,
 17.59456;8.76821;-0.01189;,
 17.59456;8.76821;-0.01189;,
 17.59456;8.76821;-0.01189;,
 17.59456;8.76821;-0.01189;,
 22.34456;8.76821;-39.96534;,
 22.34456;0.10796;-34.96534;,
 17.59456;0.10796;-34.96534;,
 17.59456;8.76821;-39.96534;,
 22.34456;0.10796;-24.96534;,
 17.59456;0.10796;-24.96534;,
 22.34456;8.76821;-19.96534;,
 17.59456;8.76821;-19.96534;,
 22.34456;17.42847;-24.96534;,
 17.59456;17.42847;-24.96534;,
 22.34456;17.42847;-34.96534;,
 17.59456;17.42847;-34.96534;,
 22.34456;8.76821;-39.96534;,
 17.59456;8.76821;-39.96534;,
 22.34456;8.76821;-29.96534;,
 22.34456;8.76821;-29.96534;,
 22.34456;8.76821;-29.96534;,
 22.34456;8.76821;-29.96534;,
 22.34456;8.76821;-29.96534;,
 22.34456;8.76821;-29.96534;,
 17.59456;8.76821;-29.96534;,
 17.59456;8.76821;-29.96534;,
 17.59456;8.76821;-29.96534;,
 17.59456;8.76821;-29.96534;,
 17.59456;8.76821;-29.96534;,
 17.59456;8.76821;-29.96534;,
 22.34456;8.76821;19.98799;,
 22.34456;0.10796;24.98798;,
 17.59456;0.10796;24.98798;,
 17.59456;8.76821;19.98799;,
 22.34456;0.10796;34.98795;,
 17.59456;0.10796;34.98795;,
 22.34456;8.76821;39.98796;,
 17.59456;8.76821;39.98796;,
 22.34456;17.42847;34.98795;,
 17.59456;17.42847;34.98795;,
 22.34456;17.42847;24.98798;,
 17.59456;17.42847;24.98798;,
 22.34456;8.76821;19.98799;,
 17.59456;8.76821;19.98799;,
 22.34456;8.76821;29.98796;,
 22.34456;8.76821;29.98796;,
 22.34456;8.76821;29.98796;,
 22.34456;8.76821;29.98796;,
 22.34456;8.76821;29.98796;,
 22.34456;8.76821;29.98796;,
 17.59456;8.76821;29.98796;,
 17.59456;8.76821;29.98796;,
 17.59456;8.76821;29.98796;,
 17.59456;8.76821;29.98796;,
 17.59456;8.76821;29.98796;,
 17.59456;8.76821;29.98796;;
 
 360;
 4;0,1,2,3;,
 4;4,5,6,7;,
 4;8,9,10,11;,
 4;12,13,14,15;,
 4;12,5,16,17;,
 4;18,19,6,15;,
 4;20,21,22,23;,
 4;24,25,26,27;,
 4;28,29,30,31;,
 4;32,33,34,35;,
 4;32,25,36,37;,
 4;38,39,26,35;,
 4;40,41,42,43;,
 4;41,44,45,42;,
 4;44,46,47,45;,
 4;46,48,49,47;,
 4;48,50,51,49;,
 4;50,52,53,51;,
 4;52,54,55,53;,
 4;54,56,57,55;,
 3;58,41,40;,
 3;59,44,41;,
 3;60,46,44;,
 3;61,48,46;,
 3;62,50,48;,
 3;63,52,50;,
 3;64,54,52;,
 3;65,56,54;,
 3;66,43,42;,
 3;67,42,45;,
 3;68,45,47;,
 3;69,47,49;,
 3;70,49,51;,
 3;71,51,53;,
 3;72,53,55;,
 3;73,55,57;,
 4;74,75,76,77;,
 4;78,79,80,81;,
 4;82,83,84,85;,
 4;86,87,88,89;,
 4;86,79,90,91;,
 4;92,93,80,89;,
 4;94,95,96,97;,
 4;95,98,99,96;,
 4;98,100,101,99;,
 4;100,102,103,101;,
 4;102,104,105,103;,
 4;104,106,107,105;,
 4;97,96,108,109;,
 4;96,99,110,108;,
 4;99,101,111,110;,
 4;101,103,112,111;,
 4;103,105,113,112;,
 4;105,107,114,113;,
 4;109,108,115,116;,
 4;108,110,117,115;,
 4;110,111,118,117;,
 4;111,112,119,118;,
 4;112,113,120,119;,
 4;113,114,121,120;,
 3;122,95,94;,
 3;123,98,95;,
 3;124,100,98;,
 3;125,102,100;,
 3;126,104,102;,
 3;127,106,104;,
 3;128,116,115;,
 3;129,115,117;,
 3;130,117,118;,
 3;131,118,119;,
 3;132,119,120;,
 3;133,120,121;,
 4;3,2,1,0;,
 4;7,6,5,4;,
 4;11,10,9,8;,
 4;15,14,13,12;,
 4;17,16,5,12;,
 4;15,6,19,18;,
 4;23,22,21,20;,
 4;27,26,25,24;,
 4;31,30,29,28;,
 4;35,34,33,32;,
 4;37,36,25,32;,
 4;35,26,39,38;,
 4;43,42,41,40;,
 4;42,45,44,41;,
 4;45,47,46,44;,
 4;47,49,48,46;,
 4;49,51,50,48;,
 4;51,53,52,50;,
 4;53,55,54,52;,
 4;55,57,56,54;,
 3;40,41,58;,
 3;41,44,59;,
 3;44,46,60;,
 3;46,48,61;,
 3;48,50,62;,
 3;50,52,63;,
 3;52,54,64;,
 3;54,56,65;,
 3;42,43,66;,
 3;45,42,67;,
 3;47,45,68;,
 3;49,47,69;,
 3;51,49,70;,
 3;53,51,71;,
 3;55,53,72;,
 3;57,55,73;,
 4;77,76,75,74;,
 4;81,80,79,78;,
 4;85,84,83,82;,
 4;89,88,87,86;,
 4;91,90,79,86;,
 4;89,80,93,92;,
 4;97,96,95,94;,
 4;96,99,98,95;,
 4;99,101,100,98;,
 4;101,103,102,100;,
 4;103,105,104,102;,
 4;105,107,106,104;,
 4;109,108,96,97;,
 4;108,110,99,96;,
 4;110,111,101,99;,
 4;111,112,103,101;,
 4;112,113,105,103;,
 4;113,114,107,105;,
 4;116,115,108,109;,
 4;115,117,110,108;,
 4;117,118,111,110;,
 4;118,119,112,111;,
 4;119,120,113,112;,
 4;120,121,114,113;,
 3;94,95,122;,
 3;95,98,123;,
 3;98,100,124;,
 3;100,102,125;,
 3;102,104,126;,
 3;104,106,127;,
 3;115,116,128;,
 3;117,115,129;,
 3;118,117,130;,
 3;119,118,131;,
 3;120,119,132;,
 3;121,120,133;,
 4;134,135,136,137;,
 4;135,138,139,136;,
 4;138,140,141,139;,
 4;140,142,143,141;,
 4;142,144,145,143;,
 4;144,146,147,145;,
 3;148,135,134;,
 3;149,138,135;,
 3;150,140,138;,
 3;151,142,140;,
 3;152,144,142;,
 3;153,146,144;,
 3;154,137,136;,
 3;155,136,139;,
 3;156,139,141;,
 3;157,141,143;,
 3;158,143,145;,
 3;159,145,147;,
 4;137,136,135,134;,
 4;136,139,138,135;,
 4;139,141,140,138;,
 4;141,143,142,140;,
 4;143,145,144,142;,
 4;145,147,146,144;,
 3;134,135,148;,
 3;135,138,149;,
 3;138,140,150;,
 3;140,142,151;,
 3;142,144,152;,
 3;144,146,153;,
 3;136,137,154;,
 3;139,136,155;,
 3;141,139,156;,
 3;143,141,157;,
 3;145,143,158;,
 3;147,145,159;,
 4;160,161,162,163;,
 4;161,164,165,162;,
 4;164,166,167,165;,
 4;166,168,169,167;,
 4;168,170,171,169;,
 4;170,172,173,171;,
 3;174,161,160;,
 3;175,164,161;,
 3;176,166,164;,
 3;177,168,166;,
 3;178,170,168;,
 3;179,172,170;,
 3;180,163,162;,
 3;181,162,165;,
 3;182,165,167;,
 3;183,167,169;,
 3;184,169,171;,
 3;185,171,173;,
 4;163,162,161,160;,
 4;162,165,164,161;,
 4;165,167,166,164;,
 4;167,169,168,166;,
 4;169,171,170,168;,
 4;171,173,172,170;,
 3;160,161,174;,
 3;161,164,175;,
 3;164,166,176;,
 3;166,168,177;,
 3;168,170,178;,
 3;170,172,179;,
 3;162,163,180;,
 3;165,162,181;,
 3;167,165,182;,
 3;169,167,183;,
 3;171,169,184;,
 3;173,171,185;,
 4;186,187,188,189;,
 4;187,190,191,188;,
 4;190,192,193,191;,
 4;192,194,195,193;,
 4;194,196,197,195;,
 4;196,198,199,197;,
 3;200,187,186;,
 3;201,190,187;,
 3;202,192,190;,
 3;203,194,192;,
 3;204,196,194;,
 3;205,198,196;,
 3;206,189,188;,
 3;207,188,191;,
 3;208,191,193;,
 3;209,193,195;,
 3;210,195,197;,
 3;211,197,199;,
 4;189,188,187,186;,
 4;188,191,190,187;,
 4;191,193,192,190;,
 4;193,195,194,192;,
 4;195,197,196,194;,
 4;197,199,198,196;,
 3;186,187,200;,
 3;187,190,201;,
 3;190,192,202;,
 3;192,194,203;,
 3;194,196,204;,
 3;196,198,205;,
 3;188,189,206;,
 3;191,188,207;,
 3;193,191,208;,
 3;195,193,209;,
 3;197,195,210;,
 3;199,197,211;,
 4;212,213,214,215;,
 4;213,216,217,214;,
 4;216,218,219,217;,
 4;218,220,221,219;,
 4;220,222,223,221;,
 4;222,224,225,223;,
 3;226,213,212;,
 3;227,216,213;,
 3;228,218,216;,
 3;229,220,218;,
 3;230,222,220;,
 3;231,224,222;,
 3;232,215,214;,
 3;233,214,217;,
 3;234,217,219;,
 3;235,219,221;,
 3;236,221,223;,
 3;237,223,225;,
 4;238,239,240,241;,
 4;239,242,243,240;,
 4;242,244,245,243;,
 4;244,246,247,245;,
 4;246,248,249,247;,
 4;248,250,251,249;,
 3;252,239,238;,
 3;253,242,239;,
 3;254,244,242;,
 3;255,246,244;,
 3;256,248,246;,
 3;257,250,248;,
 3;258,241,240;,
 3;259,240,243;,
 3;260,243,245;,
 3;261,245,247;,
 3;262,247,249;,
 3;263,249,251;,
 4;264,265,266,267;,
 4;265,268,269,266;,
 4;268,270,271,269;,
 4;270,272,273,271;,
 4;272,274,275,273;,
 4;274,276,277,275;,
 3;278,265,264;,
 3;279,268,265;,
 3;280,270,268;,
 3;281,272,270;,
 3;282,274,272;,
 3;283,276,274;,
 3;284,267,266;,
 3;285,266,269;,
 3;286,269,271;,
 3;287,271,273;,
 3;288,273,275;,
 3;289,275,277;,
 4;215,214,213,212;,
 4;214,217,216,213;,
 4;217,219,218,216;,
 4;219,221,220,218;,
 4;221,223,222,220;,
 4;223,225,224,222;,
 3;212,213,226;,
 3;213,216,227;,
 3;216,218,228;,
 3;218,220,229;,
 3;220,222,230;,
 3;222,224,231;,
 3;214,215,232;,
 3;217,214,233;,
 3;219,217,234;,
 3;221,219,235;,
 3;223,221,236;,
 3;225,223,237;,
 4;241,240,239,238;,
 4;240,243,242,239;,
 4;243,245,244,242;,
 4;245,247,246,244;,
 4;247,249,248,246;,
 4;249,251,250,248;,
 3;238,239,252;,
 3;239,242,253;,
 3;242,244,254;,
 3;244,246,255;,
 3;246,248,256;,
 3;248,250,257;,
 3;240,241,258;,
 3;243,240,259;,
 3;245,243,260;,
 3;247,245,261;,
 3;249,247,262;,
 3;251,249,263;,
 4;267,266,265,264;,
 4;266,269,268,265;,
 4;269,271,270,268;,
 4;271,273,272,270;,
 4;273,275,274,272;,
 4;275,277,276,274;,
 3;264,265,278;,
 3;265,268,279;,
 3;268,270,280;,
 3;270,272,281;,
 3;272,274,282;,
 3;274,276,283;,
 3;266,267,284;,
 3;269,266,285;,
 3;271,269,286;,
 3;273,271,287;,
 3;275,273,288;,
 3;277,275,289;;
 
 MeshMaterialList {
  2;
  360;
  0,
  0,
  0,
  0,
  0,
  0,
  1,
  1,
  1,
  1,
  1,
  1,
  1,
  1,
  1,
  1,
  1,
  1,
  1,
  1,
  1,
  1,
  1,
  1,
  1,
  1,
  1,
  1,
  1,
  1,
  1,
  1,
  1,
  1,
  1,
  1,
  1,
  1,
  1,
  1,
  1,
  1,
  1,
  1,
  1,
  1,
  1,
  1,
  1,
  1,
  1,
  1,
  1,
  1,
  1,
  1,
  1,
  1,
  1,
  1,
  1,
  1,
  1,
  1,
  1,
  1,
  1,
  1,
  1,
  1,
  1,
  1,
  0,
  0,
  0,
  0,
  0,
  0,
  1,
  1,
  1,
  1,
  1,
  1,
  1,
  1,
  1,
  1,
  1,
  1,
  1,
  1,
  1,
  1,
  1,
  1,
  1,
  1,
  1,
  1,
  1,
  1,
  1,
  1,
  1,
  1,
  1,
  1,
  1,
  1,
  1,
  1,
  1,
  1,
  1,
  1,
  1,
  1,
  1,
  1,
  1,
  1,
  1,
  1,
  1,
  1,
  1,
  1,
  1,
  1,
  1,
  1,
  1,
  1,
  1,
  1,
  1,
  1,
  1,
  1,
  1,
  1,
  1,
  1,
  0,
  0,
  0,
  0,
  0,
  0,
  0,
  0,
  0,
  0,
  0,
  0,
  0,
  0,
  0,
  0,
  0,
  0,
  0,
  0,
  0,
  0,
  0,
  0,
  0,
  0,
  0,
  0,
  0,
  0,
  0,
  0,
  0,
  0,
  0,
  0,
  0,
  0,
  0,
  0,
  0,
  0,
  0,
  0,
  0,
  0,
  0,
  0,
  0,
  0,
  0,
  0,
  0,
  0,
  0,
  0,
  0,
  0,
  0,
  0,
  0,
  0,
  0,
  0,
  0,
  0,
  0,
  0,
  0,
  0,
  0,
  0,
  0,
  0,
  0,
  0,
  0,
  0,
  0,
  0,
  0,
  0,
  0,
  0,
  0,
  0,
  0,
  0,
  0,
  0,
  0,
  0,
  0,
  0,
  0,
  0,
  0,
  0,
  0,
  0,
  0,
  0,
  0,
  0,
  0,
  0,
  0,
  0,
  0,
  0,
  0,
  0,
  0,
  0,
  0,
  0,
  0,
  0,
  0,
  0,
  0,
  0,
  0,
  0,
  0,
  0,
  0,
  0,
  0,
  0,
  0,
  0,
  0,
  0,
  0,
  0,
  0,
  0,
  0,
  0,
  0,
  0,
  0,
  0,
  0,
  0,
  0,
  0,
  0,
  0,
  0,
  0,
  0,
  0,
  0,
  0,
  0,
  0,
  0,
  0,
  0,
  0,
  0,
  0,
  0,
  0,
  0,
  0,
  0,
  0,
  0,
  0,
  0,
  0,
  0,
  0,
  0,
  0,
  0,
  0,
  0,
  0,
  0,
  0,
  0,
  0,
  0,
  0,
  0,
  0,
  0,
  0,
  0,
  0,
  0,
  0,
  0,
  0,
  0,
  0,
  0,
  0,
  0,
  0,
  0,
  0,
  0,
  0,
  0,
  0,
  0,
  0,
  0,
  0,
  0,
  0;;
  Material {
   0.184800;0.184800;0.184800;1.000000;;
   5.000000;
   0.000000;0.000000;0.000000;;
   0.000000;0.000000;0.000000;;
  }
  Material {
   0.592800;0.592800;0.592800;1.000000;;
   5.000000;
   0.000000;0.000000;0.000000;;
   0.000000;0.000000;0.000000;;
  }
 }
 MeshNormals {
  148;
  0.000000;0.000000;-1.000000;,
  1.000000;0.000000;0.000000;,
  0.000000;0.000000;1.000000;,
  -0.382683;-0.923880;0.000000;,
  -0.923879;-0.382684;0.000000;,
  -0.923879;0.382684;0.000000;,
  -0.382683;0.923880;0.000000;,
  0.382683;0.923880;0.000000;,
  0.923879;0.382684;0.000000;,
  0.923879;-0.382684;-0.000000;,
  0.382683;-0.923880;-0.000000;,
  0.000000;1.000000;0.000000;,
  0.000000;0.955265;0.295751;,
  -0.256128;0.955265;0.147875;,
  -0.256128;0.955265;-0.147876;,
  0.000000;0.955265;-0.295751;,
  0.256128;0.955265;-0.147876;,
  0.256128;0.955265;0.147875;,
  0.000000;0.815408;0.578886;,
  -0.501331;0.815408;0.289443;,
  -0.501330;0.815408;-0.289443;,
  0.000000;0.815408;-0.578886;,
  0.501330;0.815408;-0.289443;,
  0.501331;0.815408;0.289443;,
  0.000000;0.525923;-0.850532;,
  0.736582;0.525923;-0.425266;,
  0.736583;0.525923;0.425266;,
  0.000000;0.525922;0.850533;,
  -0.736583;0.525923;0.425266;,
  -0.736582;0.525923;-0.425266;,
  0.000000;-0.904099;-0.427324;,
  0.370073;-0.904099;-0.213662;,
  0.370074;-0.904099;0.213662;,
  0.000000;-0.904098;0.427324;,
  -0.370074;-0.904099;0.213662;,
  -0.370073;-0.904099;-0.213662;,
  -0.000000;-1.000000;0.000000;,
  -1.000000;0.000000;0.000000;,
  0.000000;-1.000000;-0.000000;,
  0.000000;-0.596272;-0.802782;,
  0.695230;-0.596272;-0.401391;,
  0.695230;-0.596272;0.401391;,
  0.000000;-0.596272;0.802783;,
  -0.695230;-0.596272;0.401391;,
  -0.695230;-0.596272;-0.401391;,
  0.382683;0.923880;0.000000;,
  0.923879;0.382684;0.000000;,
  0.923879;-0.382684;-0.000000;,
  0.382683;-0.923880;-0.000000;,
  -0.382683;-0.923880;0.000000;,
  -0.923879;-0.382684;0.000000;,
  -0.923879;0.382684;0.000000;,
  -0.382683;0.923880;0.000000;,
  0.000000;-0.815408;-0.578886;,
  0.501331;-0.815408;-0.289443;,
  0.256128;-0.955265;-0.147875;,
  0.000000;-0.955265;-0.295751;,
  0.501330;-0.815408;0.289443;,
  0.256128;-0.955265;0.147876;,
  0.000000;-0.815408;0.578886;,
  0.000000;-0.955265;0.295751;,
  -0.501330;-0.815408;0.289443;,
  -0.256128;-0.955265;0.147876;,
  -0.501331;-0.815408;-0.289443;,
  -0.256128;-0.955265;-0.147875;,
  0.000000;-0.525923;0.850532;,
  -0.736582;-0.525923;0.425266;,
  -0.736583;-0.525923;-0.425266;,
  0.000000;-0.525922;-0.850533;,
  0.736583;-0.525923;-0.425266;,
  0.736582;-0.525923;0.425266;,
  0.000000;0.904099;0.427324;,
  -0.370073;0.904099;0.213662;,
  -0.695230;0.596272;0.401391;,
  0.000000;0.596272;0.802782;,
  -0.370074;0.904099;-0.213662;,
  -0.695230;0.596272;-0.401391;,
  0.000000;0.904098;-0.427324;,
  0.000000;0.596272;-0.802783;,
  0.370074;0.904099;-0.213662;,
  0.695230;0.596272;-0.401391;,
  0.370073;0.904099;0.213662;,
  0.695230;0.596272;0.401391;,
  0.000000;1.000000;-0.000000;,
  1.000000;0.000000;0.000000;,
  0.000000;-0.500000;-0.866025;,
  0.000000;-1.000000;-0.000000;,
  0.000000;-0.500001;0.866025;,
  0.000000;0.500000;0.866025;,
  0.000000;1.000000;0.000000;,
  -1.000000;0.000000;0.000000;,
  0.000000;0.500000;-0.866026;,
  0.000000;0.500000;0.866025;,
  0.000000;0.500001;-0.866025;,
  0.000000;-0.500000;-0.866025;,
  0.000000;-0.500000;0.866026;,
  1.000000;0.000000;0.000000;,
  0.000000;-0.500000;-0.866025;,
  0.000000;-1.000000;-0.000000;,
  0.000000;-0.500000;0.866025;,
  0.000000;0.500000;0.866026;,
  0.000000;1.000000;0.000000;,
  -1.000000;0.000000;0.000000;,
  0.000000;0.500000;-0.866026;,
  0.000000;0.500000;0.866025;,
  0.000000;0.500000;-0.866025;,
  0.000000;-0.500000;-0.866026;,
  0.000000;-0.500000;0.866026;,
  1.000000;0.000000;0.000000;,
  0.000000;-0.499999;-0.866026;,
  0.000000;-1.000000;-0.000000;,
  0.000000;-0.500001;0.866025;,
  0.000000;0.500001;0.866025;,
  0.000000;1.000000;0.000000;,
  -1.000000;0.000000;0.000000;,
  0.000000;0.499999;-0.866026;,
  0.000000;0.499999;0.866026;,
  0.000000;0.500001;-0.866025;,
  0.000000;-0.500001;-0.866025;,
  0.000000;-0.499999;0.866026;,
  1.000000;0.000000;0.000000;,
  0.000000;-0.500000;-0.866025;,
  0.000000;-1.000000;-0.000000;,
  0.000000;-0.500001;0.866025;,
  0.000000;0.500000;0.866025;,
  0.000000;1.000000;0.000000;,
  -1.000000;0.000000;0.000000;,
  0.000000;-0.500000;-0.866025;,
  0.000000;-0.500000;0.866025;,
  0.000000;0.500000;0.866026;,
  0.000000;-0.499999;-0.866026;,
  0.000000;-0.500001;0.866025;,
  0.000000;0.500001;0.866025;,
  0.000000;0.500000;-0.866026;,
  0.000000;0.500000;-0.866026;,
  0.000000;0.499999;-0.866026;,
  0.000000;0.500000;0.866025;,
  0.000000;0.500001;-0.866025;,
  0.000000;-0.500000;-0.866025;,
  0.000000;-0.500000;0.866026;,
  0.000000;0.500000;0.866025;,
  0.000000;0.500000;-0.866025;,
  0.000000;-0.500000;-0.866026;,
  0.000000;-0.500000;0.866026;,
  0.000000;0.499999;0.866026;,
  0.000000;0.500001;-0.866025;,
  0.000000;-0.500001;-0.866025;,
  0.000000;-0.499999;0.866026;;
  360;
  4;0,0,0,0;,
  4;1,1,1,1;,
  4;2,2,2,2;,
  4;37,37,37,37;,
  4;11,11,11,11;,
  4;38,38,38,38;,
  4;0,0,0,0;,
  4;1,1,1,1;,
  4;2,2,2,2;,
  4;37,37,37,37;,
  4;11,11,11,11;,
  4;38,38,38,38;,
  4;3,4,4,3;,
  4;4,5,5,4;,
  4;5,6,6,5;,
  4;6,7,7,6;,
  4;7,8,8,7;,
  4;8,9,9,8;,
  4;9,10,10,9;,
  4;10,3,3,10;,
  3;2,2,2;,
  3;2,2,2;,
  3;2,2,2;,
  3;2,2,2;,
  3;2,2,2;,
  3;2,2,2;,
  3;2,2,2;,
  3;2,2,2;,
  3;0,0,0;,
  3;0,0,0;,
  3;0,0,0;,
  3;0,0,0;,
  3;0,0,0;,
  3;0,0,0;,
  3;0,0,0;,
  3;0,0,0;,
  4;0,0,0,0;,
  4;1,1,1,1;,
  4;2,2,2,2;,
  4;37,37,37,37;,
  4;11,11,11,11;,
  4;38,38,38,38;,
  4;12,13,19,18;,
  4;13,14,20,19;,
  4;14,15,21,20;,
  4;15,16,22,21;,
  4;16,17,23,22;,
  4;17,12,18,23;,
  4;24,25,25,24;,
  4;25,26,26,25;,
  4;26,27,27,26;,
  4;27,28,28,27;,
  4;28,29,29,28;,
  4;29,24,24,29;,
  4;39,40,31,30;,
  4;40,41,32,31;,
  4;41,42,33,32;,
  4;42,43,34,33;,
  4;43,44,35,34;,
  4;44,39,30,35;,
  3;11,13,12;,
  3;11,14,13;,
  3;11,15,14;,
  3;11,16,15;,
  3;11,17,16;,
  3;11,12,17;,
  3;36,30,31;,
  3;36,31,32;,
  3;36,32,33;,
  3;36,33,34;,
  3;36,34,35;,
  3;36,35,30;,
  4;2,2,2,2;,
  4;37,37,37,37;,
  4;0,0,0,0;,
  4;1,1,1,1;,
  4;38,38,38,38;,
  4;11,11,11,11;,
  4;2,2,2,2;,
  4;37,37,37,37;,
  4;0,0,0,0;,
  4;1,1,1,1;,
  4;38,38,38,38;,
  4;11,11,11,11;,
  4;45,46,46,45;,
  4;46,47,47,46;,
  4;47,48,48,47;,
  4;48,49,49,48;,
  4;49,50,50,49;,
  4;50,51,51,50;,
  4;51,52,52,51;,
  4;52,45,45,52;,
  3;0,0,0;,
  3;0,0,0;,
  3;0,0,0;,
  3;0,0,0;,
  3;0,0,0;,
  3;0,0,0;,
  3;0,0,0;,
  3;0,0,0;,
  3;2,2,2;,
  3;2,2,2;,
  3;2,2,2;,
  3;2,2,2;,
  3;2,2,2;,
  3;2,2,2;,
  3;2,2,2;,
  3;2,2,2;,
  4;2,2,2,2;,
  4;37,37,37,37;,
  4;0,0,0,0;,
  4;1,1,1,1;,
  4;38,38,38,38;,
  4;11,11,11,11;,
  4;53,54,55,56;,
  4;54,57,58,55;,
  4;57,59,60,58;,
  4;59,61,62,60;,
  4;61,63,64,62;,
  4;63,53,56,64;,
  4;65,66,66,65;,
  4;66,67,67,66;,
  4;67,68,68,67;,
  4;68,69,69,68;,
  4;69,70,70,69;,
  4;70,65,65,70;,
  4;71,72,73,74;,
  4;72,75,76,73;,
  4;75,77,78,76;,
  4;77,79,80,78;,
  4;79,81,82,80;,
  4;81,71,74,82;,
  3;56,55,38;,
  3;55,58,38;,
  3;58,60,38;,
  3;60,62,38;,
  3;62,64,38;,
  3;64,56,38;,
  3;72,71,83;,
  3;75,72,83;,
  3;77,75,83;,
  3;79,77,83;,
  3;81,79,83;,
  3;71,81,83;,
  4;85,85,85,85;,
  4;86,86,86,86;,
  4;87,87,87,87;,
  4;88,88,88,88;,
  4;89,89,89,89;,
  4;91,91,91,91;,
  3;84,84,84;,
  3;84,84,84;,
  3;84,84,84;,
  3;84,84,84;,
  3;84,84,84;,
  3;84,84,84;,
  3;90,90,90;,
  3;90,90,90;,
  3;90,90,90;,
  3;90,90,90;,
  3;90,90,90;,
  3;90,90,90;,
  4;92,92,92,92;,
  4;89,89,89,89;,
  4;93,93,93,93;,
  4;94,94,94,94;,
  4;86,86,86,86;,
  4;95,95,95,95;,
  3;90,90,90;,
  3;90,90,90;,
  3;90,90,90;,
  3;90,90,90;,
  3;90,90,90;,
  3;90,90,90;,
  3;84,84,84;,
  3;84,84,84;,
  3;84,84,84;,
  3;84,84,84;,
  3;84,84,84;,
  3;84,84,84;,
  4;97,97,97,97;,
  4;98,98,98,98;,
  4;99,99,99,99;,
  4;100,100,100,100;,
  4;101,101,101,101;,
  4;103,103,103,103;,
  3;96,96,96;,
  3;96,96,96;,
  3;96,96,96;,
  3;96,96,96;,
  3;96,96,96;,
  3;96,96,96;,
  3;102,102,102;,
  3;102,102,102;,
  3;102,102,102;,
  3;102,102,102;,
  3;102,102,102;,
  3;102,102,102;,
  4;104,104,104,104;,
  4;101,101,101,101;,
  4;105,105,105,105;,
  4;106,106,106,106;,
  4;98,98,98,98;,
  4;107,107,107,107;,
  3;102,102,102;,
  3;102,102,102;,
  3;102,102,102;,
  3;102,102,102;,
  3;102,102,102;,
  3;102,102,102;,
  3;96,96,96;,
  3;96,96,96;,
  3;96,96,96;,
  3;96,96,96;,
  3;96,96,96;,
  3;96,96,96;,
  4;109,109,109,109;,
  4;110,110,110,110;,
  4;111,111,111,111;,
  4;112,112,112,112;,
  4;113,113,113,113;,
  4;115,115,115,115;,
  3;108,108,108;,
  3;108,108,108;,
  3;108,108,108;,
  3;108,108,108;,
  3;108,108,108;,
  3;108,108,108;,
  3;114,114,114;,
  3;114,114,114;,
  3;114,114,114;,
  3;114,114,114;,
  3;114,114,114;,
  3;114,114,114;,
  4;116,116,116,116;,
  4;113,113,113,113;,
  4;117,117,117,117;,
  4;118,118,118,118;,
  4;110,110,110,110;,
  4;119,119,119,119;,
  3;114,114,114;,
  3;114,114,114;,
  3;114,114,114;,
  3;114,114,114;,
  3;114,114,114;,
  3;114,114,114;,
  3;108,108,108;,
  3;108,108,108;,
  3;108,108,108;,
  3;108,108,108;,
  3;108,108,108;,
  3;108,108,108;,
  4;121,121,121,121;,
  4;122,122,122,122;,
  4;123,123,123,123;,
  4;124,124,124,124;,
  4;125,125,125,125;,
  4;133,133,133,133;,
  3;120,120,120;,
  3;120,120,120;,
  3;120,120,120;,
  3;120,120,120;,
  3;120,120,120;,
  3;120,120,120;,
  3;126,126,126;,
  3;126,126,126;,
  3;126,126,126;,
  3;126,126,126;,
  3;126,126,126;,
  3;126,126,126;,
  4;127,127,127,127;,
  4;122,122,122,122;,
  4;128,128,128,128;,
  4;129,129,129,129;,
  4;125,125,125,125;,
  4;134,134,134,134;,
  3;120,120,120;,
  3;120,120,120;,
  3;120,120,120;,
  3;120,120,120;,
  3;120,120,120;,
  3;120,120,120;,
  3;126,126,126;,
  3;126,126,126;,
  3;126,126,126;,
  3;126,126,126;,
  3;126,126,126;,
  3;126,126,126;,
  4;130,130,130,130;,
  4;122,122,122,122;,
  4;131,131,131,131;,
  4;132,132,132,132;,
  4;125,125,125,125;,
  4;135,135,135,135;,
  3;120,120,120;,
  3;120,120,120;,
  3;120,120,120;,
  3;120,120,120;,
  3;120,120,120;,
  3;120,120,120;,
  3;126,126,126;,
  3;126,126,126;,
  3;126,126,126;,
  3;126,126,126;,
  3;126,126,126;,
  3;126,126,126;,
  4;136,136,136,136;,
  4;125,125,125,125;,
  4;137,137,137,137;,
  4;138,138,138,138;,
  4;122,122,122,122;,
  4;139,139,139,139;,
  3;126,126,126;,
  3;126,126,126;,
  3;126,126,126;,
  3;126,126,126;,
  3;126,126,126;,
  3;126,126,126;,
  3;120,120,120;,
  3;120,120,120;,
  3;120,120,120;,
  3;120,120,120;,
  3;120,120,120;,
  3;120,120,120;,
  4;140,140,140,140;,
  4;125,125,125,125;,
  4;141,141,141,141;,
  4;142,142,142,142;,
  4;122,122,122,122;,
  4;143,143,143,143;,
  3;126,126,126;,
  3;126,126,126;,
  3;126,126,126;,
  3;126,126,126;,
  3;126,126,126;,
  3;126,126,126;,
  3;120,120,120;,
  3;120,120,120;,
  3;120,120,120;,
  3;120,120,120;,
  3;120,120,120;,
  3;120,120,120;,
  4;144,144,144,144;,
  4;125,125,125,125;,
  4;145,145,145,145;,
  4;146,146,146,146;,
  4;122,122,122,122;,
  4;147,147,147,147;,
  3;126,126,126;,
  3;126,126,126;,
  3;126,126,126;,
  3;126,126,126;,
  3;126,126,126;,
  3;126,126,126;,
  3;120,120,120;,
  3;120,120,120;,
  3;120,120,120;,
  3;120,120,120;,
  3;120,120,120;,
  3;120,120,120;;
 }
 MeshTextureCoords {
  290;
  0.000000;0.000000;,
  1.000000;0.000000;,
  1.000000;1.000000;,
  0.000000;1.000000;,
  0.000000;0.000000;,
  1.000000;0.000000;,
  1.000000;1.000000;,
  0.000000;1.000000;,
  0.000000;0.000000;,
  1.000000;0.000000;,
  1.000000;1.000000;,
  0.000000;1.000000;,
  0.000000;0.000000;,
  1.000000;0.000000;,
  1.000000;1.000000;,
  0.000000;1.000000;,
  1.000000;1.000000;,
  0.000000;1.000000;,
  0.000000;0.000000;,
  1.000000;0.000000;,
  0.000000;0.000000;,
  1.000000;0.000000;,
  1.000000;1.000000;,
  0.000000;1.000000;,
  0.000000;0.000000;,
  1.000000;0.000000;,
  1.000000;1.000000;,
  0.000000;1.000000;,
  0.000000;0.000000;,
  1.000000;0.000000;,
  1.000000;1.000000;,
  0.000000;1.000000;,
  0.000000;0.000000;,
  1.000000;0.000000;,
  1.000000;1.000000;,
  0.000000;1.000000;,
  1.000000;1.000000;,
  0.000000;1.000000;,
  0.000000;0.000000;,
  1.000000;0.000000;,
  0.000000;0.000000;,
  0.125000;0.000000;,
  0.125000;1.000000;,
  0.000000;1.000000;,
  0.250000;0.000000;,
  0.250000;1.000000;,
  0.375000;0.000000;,
  0.375000;1.000000;,
  0.500000;0.000000;,
  0.500000;1.000000;,
  0.625000;0.000000;,
  0.625000;1.000000;,
  0.750000;0.000000;,
  0.750000;1.000000;,
  0.875000;0.000000;,
  0.875000;1.000000;,
  1.000000;0.000000;,
  1.000000;1.000000;,
  0.062500;0.000000;,
  0.187500;0.000000;,
  0.312500;0.000000;,
  0.437500;0.000000;,
  0.562500;0.000000;,
  0.687500;0.000000;,
  0.812500;0.000000;,
  0.937500;0.000000;,
  0.062500;1.000000;,
  0.187500;1.000000;,
  0.312500;1.000000;,
  0.437500;1.000000;,
  0.562500;1.000000;,
  0.687500;1.000000;,
  0.812500;1.000000;,
  0.937500;1.000000;,
  0.000000;0.000000;,
  1.000000;0.000000;,
  1.000000;1.000000;,
  0.000000;1.000000;,
  0.000000;0.000000;,
  1.000000;0.000000;,
  1.000000;1.000000;,
  0.000000;1.000000;,
  0.000000;0.000000;,
  1.000000;0.000000;,
  1.000000;1.000000;,
  0.000000;1.000000;,
  0.000000;0.000000;,
  1.000000;0.000000;,
  1.000000;1.000000;,
  0.000000;1.000000;,
  1.000000;1.000000;,
  0.000000;1.000000;,
  0.000000;0.000000;,
  1.000000;0.000000;,
  0.000000;0.000000;,
  0.166670;0.000000;,
  0.166670;0.333330;,
  0.000000;0.333330;,
  0.333330;0.000000;,
  0.333330;0.333330;,
  0.500000;0.000000;,
  0.500000;0.333330;,
  0.666670;0.000000;,
  0.666670;0.333330;,
  0.833330;0.000000;,
  0.833330;0.333330;,
  1.000000;0.000000;,
  1.000000;0.333330;,
  0.166670;0.666670;,
  0.000000;0.666670;,
  0.333330;0.666670;,
  0.500000;0.666670;,
  0.666670;0.666670;,
  0.833330;0.666670;,
  1.000000;0.666670;,
  0.166670;1.000000;,
  0.000000;1.000000;,
  0.333330;1.000000;,
  0.500000;1.000000;,
  0.666670;1.000000;,
  0.833330;1.000000;,
  1.000000;1.000000;,
  0.083330;0.000000;,
  0.250000;0.000000;,
  0.416670;0.000000;,
  0.583330;0.000000;,
  0.750000;0.000000;,
  0.916670;0.000000;,
  0.083330;1.000000;,
  0.250000;1.000000;,
  0.416670;1.000000;,
  0.583330;1.000000;,
  0.750000;1.000000;,
  0.916670;1.000000;,
  0.000000;0.000000;,
  0.166670;0.000000;,
  0.166670;1.000000;,
  0.000000;1.000000;,
  0.333330;0.000000;,
  0.333330;1.000000;,
  0.500000;0.000000;,
  0.500000;1.000000;,
  0.666670;0.000000;,
  0.666670;1.000000;,
  0.833330;0.000000;,
  0.833330;1.000000;,
  1.000000;0.000000;,
  1.000000;1.000000;,
  0.083330;0.000000;,
  0.250000;0.000000;,
  0.416670;0.000000;,
  0.583330;0.000000;,
  0.750000;0.000000;,
  0.916670;0.000000;,
  0.083330;1.000000;,
  0.250000;1.000000;,
  0.416670;1.000000;,
  0.583330;1.000000;,
  0.750000;1.000000;,
  0.916670;1.000000;,
  0.000000;0.000000;,
  0.166670;0.000000;,
  0.166670;1.000000;,
  0.000000;1.000000;,
  0.333330;0.000000;,
  0.333330;1.000000;,
  0.500000;0.000000;,
  0.500000;1.000000;,
  0.666670;0.000000;,
  0.666670;1.000000;,
  0.833330;0.000000;,
  0.833330;1.000000;,
  1.000000;0.000000;,
  1.000000;1.000000;,
  0.083330;0.000000;,
  0.250000;0.000000;,
  0.416670;0.000000;,
  0.583330;0.000000;,
  0.750000;0.000000;,
  0.916670;0.000000;,
  0.083330;1.000000;,
  0.250000;1.000000;,
  0.416670;1.000000;,
  0.583330;1.000000;,
  0.750000;1.000000;,
  0.916670;1.000000;,
  0.000000;0.000000;,
  0.166670;0.000000;,
  0.166670;1.000000;,
  0.000000;1.000000;,
  0.333330;0.000000;,
  0.333330;1.000000;,
  0.500000;0.000000;,
  0.500000;1.000000;,
  0.666670;0.000000;,
  0.666670;1.000000;,
  0.833330;0.000000;,
  0.833330;1.000000;,
  1.000000;0.000000;,
  1.000000;1.000000;,
  0.083330;0.000000;,
  0.250000;0.000000;,
  0.416670;0.000000;,
  0.583330;0.000000;,
  0.750000;0.000000;,
  0.916670;0.000000;,
  0.083330;1.000000;,
  0.250000;1.000000;,
  0.416670;1.000000;,
  0.583330;1.000000;,
  0.750000;1.000000;,
  0.916670;1.000000;,
  0.000000;0.000000;,
  0.166670;0.000000;,
  0.166670;1.000000;,
  0.000000;1.000000;,
  0.333330;0.000000;,
  0.333330;1.000000;,
  0.500000;0.000000;,
  0.500000;1.000000;,
  0.666670;0.000000;,
  0.666670;1.000000;,
  0.833330;0.000000;,
  0.833330;1.000000;,
  1.000000;0.000000;,
  1.000000;1.000000;,
  0.083330;0.000000;,
  0.250000;0.000000;,
  0.416670;0.000000;,
  0.583330;0.000000;,
  0.750000;0.000000;,
  0.916670;0.000000;,
  0.083330;1.000000;,
  0.250000;1.000000;,
  0.416670;1.000000;,
  0.583330;1.000000;,
  0.750000;1.000000;,
  0.916670;1.000000;,
  0.000000;0.000000;,
  0.166670;0.000000;,
  0.166670;1.000000;,
  0.000000;1.000000;,
  0.333330;0.000000;,
  0.333330;1.000000;,
  0.500000;0.000000;,
  0.500000;1.000000;,
  0.666670;0.000000;,
  0.666670;1.000000;,
  0.833330;0.000000;,
  0.833330;1.000000;,
  1.000000;0.000000;,
  1.000000;1.000000;,
  0.083330;0.000000;,
  0.250000;0.000000;,
  0.416670;0.000000;,
  0.583330;0.000000;,
  0.750000;0.000000;,
  0.916670;0.000000;,
  0.083330;1.000000;,
  0.250000;1.000000;,
  0.416670;1.000000;,
  0.583330;1.000000;,
  0.750000;1.000000;,
  0.916670;1.000000;,
  0.000000;0.000000;,
  0.166670;0.000000;,
  0.166670;1.000000;,
  0.000000;1.000000;,
  0.333330;0.000000;,
  0.333330;1.000000;,
  0.500000;0.000000;,
  0.500000;1.000000;,
  0.666670;0.000000;,
  0.666670;1.000000;,
  0.833330;0.000000;,
  0.833330;1.000000;,
  1.000000;0.000000;,
  1.000000;1.000000;,
  0.083330;0.000000;,
  0.250000;0.000000;,
  0.416670;0.000000;,
  0.583330;0.000000;,
  0.750000;0.000000;,
  0.916670;0.000000;,
  0.083330;1.000000;,
  0.250000;1.000000;,
  0.416670;1.000000;,
  0.583330;1.000000;,
  0.750000;1.000000;,
  0.916670;1.000000;;
 }
}
